1 5 50 1
0 160
 0 30 40 0   0 0 0
 1 37 52 0   7 1 1 1
 2 49 49 0  30 1 1 1
 3 52 64 0  16 1 1 1
 4 20 26 0   9 1 1 1
 5 40 30 0  21 1 1 1
 6 21 47 0  15 1 1 1
 7 17 63 0  19 1 1 1
 8 31 62 0  23 1 1 1
 9 52 33 0  11 1 1 1
10 51 21 0   5 1 1 1
11 42 41 0  19 1 1 1
12 31 32 0  29 1 1 1
13  5 25 0  23 1 1 1
14 12 42 0  21 1 1 1
15 36 16 0  10 1 1 1
16 52 41 0  15 1 1 1
17 27 23 0   3 1 1 1
18 17 33 0  41 1 1 1
19 13 13 0   9 1 1 1
20 57 58 0  28 1 1 1
21 62 42 0   8 1 1 1
22 42 57 0   8 1 1 1
23 16 57 0  16 1 1 1
24  8 52 0  10 1 1 1
25  7 38 0  28 1 1 1
26 27 68 0   7 1 1 1
27 30 48 0  15 1 1 1
28 43 67 0  14 1 1 1
29 58 48 0   6 1 1 1
30 58 27 0  19 1 1 1
31 37 69 0  11 1 1 1
32 38 46 0  12 1 1 1
33 46 10 0  23 1 1 1
34 61 33 0  26 1 1 1
35 62 63 0  17 1 1 1
36 63 69 0   6 1 1 1
37 32 22 0   9 1 1 1
38 45 35 0  15 1 1 1
39 59 15 0  14 1 1 1
40  5  6 0   7 1 1 1
41 10 17 0  27 1 1 1
42 21 10 0  13 1 1 1
43  5 64 0  11 1 1 1
44 30 15 0  16 1 1 1
45 39 10 0  10 1 1 1
46 32 39 0   5 1 1 1
47 25 32 0  25 1 1 1
48 25 55 0  17 1 1 1
49 48 28 0  18 1 1 1
50 56 37 0  10 1 1 1




