1 14 150 1
0 200 
  0  35  35 0  0 0 0 
  1  37  52 0  7 1 1 1
  2  49  49 0 30 1 1 1
  3  52  64 0 16 1 1 1
  4  20  26 0  9 1 1 1
  5  40  30 0 21 1 1 1
  6  21  47 0 15 1 1 1
  7  17  63 0 19 1 1 1
  8  31  62 0 23 1 1 1
  9  52  33 0 11 1 1 1
 10  51  21 0  5 1 1 1
 11  42  41 0 19 1 1 1
 12  31  32 0 29 1 1 1
 13   5  25 0 23 1 1 1
 14  12  42 0 21 1 1 1
 15  36  16 0 10 1 1 1
 16  52  41 0 15 1 1 1
 17  27  23 0  3 1 1 1
 18  17  33 0 41 1 1 1
 19  13  13 0  9 1 1 1
 20  57  58 0 28 1 1 1
 21  62  42 0  8 1 1 1
 22  42  57 0  8 1 1 1
 23  16  57 0 16 1 1 1
 24   8  52 0 10 1 1 1
 25   7  38 0 28 1 1 1
 26  27  68 0  7 1 1 1
 27  30  48 0 15 1 1 1
 28  43  67 0 14 1 1 1
 29  58  48 0  6 1 1 1
 30  58  27 0 19 1 1 1
 31  37  69 0 11 1 1 1
 32  38  46 0 12 1 1 1
 33  46  10 0 23 1 1 1
 34  61  33 0 26 1 1 1
 35  62  63 0 17 1 1 1
 36  63  69 0  6 1 1 1
 37  32  22 0  9 1 1 1
 38  45  35 0 15 1 1 1
 39  59  15 0 14 1 1 1
 40   5   6 0  7 1 1 1
 41  10  17 0 27 1 1 1
 42  21  10 0 13 1 1 1
 43   5  64 0 11 1 1 1
 44  30  15 0 16 1 1 1
 45  39  10 0 10 1 1 1
 46  32  39 0  5 1 1 1
 47  25  32 0 25 1 1 1
 48  25  55 0 17 1 1 1
 49  48  28 0 18 1 1 1
 50  56  37 0 10 1 1 1
 51  41  49 0 10 1 1 1
 52  35  17 0  7 1 1 1
 53  55  45 0 13 1 1 1
 54  55  20 0 19 1 1 1
 55  15  30 0 26 1 1 1
 56  25  30 0  3 1 1 1
 57  20  50 0  5 1 1 1
 58  10  43 0  9 1 1 1
 59  55  60 0 16 1 1 1
 60  30  60 0 16 1 1 1
 61  20  65 0 12 1 1 1
 62  50  35 0 19 1 1 1
 63  30  25 0 23 1 1 1
 64  15  10 0 20 1 1 1
 65  30   5 0  8 1 1 1
 66  10  20 0 19 1 1 1
 67   5  30 0  2 1 1 1
 68  20  40 0 12 1 1 1
 69  15  60 0 17 1 1 1
 70  45  65 0  9 1 1 1
 71  45  20 0 11 1 1 1
 72  45  10 0 18 1 1 1
 73  55   5 0 29 1 1 1
 74  65  35 0  3 1 1 1
 75  65  20 0  6 1 1 1
 76  45  30 0 17 1 1 1
 77  35  40 0 16 1 1 1
 78  41  37 0 16 1 1 1
 79  64  42 0  9 1 1 1
 80  40  60 0 21 1 1 1
 81  31  52 0 27 1 1 1
 82  35  69 0 23 1 1 1
 83  53  52 0 11 1 1 1
 84  65  55 0 14 1 1 1
 85  63  65 0  8 1 1 1
 86   2  60 0  5 1 1 1
 87  20  20 0  8 1 1 1
 88   5   5 0 16 1 1 1
 89  60  12 0 31 1 1 1
 90  40  25 0  9 1 1 1
 91  42   7 0  5 1 1 1
 92  24  12 0  5 1 1 1
 93  23   3 0  7 1 1 1
 94  11  14 0 18 1 1 1
 95   6  38 0 16 1 1 1
 96   2  48 0  1 1 1 1
 97   8  56 0 27 1 1 1
 98  13  52 0 36 1 1 1
 99   6  68 0 30 1 1 1
100  47  47 0 13 1 1 1
101  49  58 0 10 1 1 1
102  27  43 0  9 1 1 1
103  37  31 0 14 1 1 1
104  57  29 0 18 1 1 1
105  63  23 0  2 1 1 1
106  53  12 0  6 1 1 1
107  32  12 0  7 1 1 1
108  36  26 0 18 1 1 1
109  21  24 0 28 1 1 1
110  17  34 0  3 1 1 1
111  12  24 0 13 1 1 1
112  24  58 0 19 1 1 1
113  27  69 0 10 1 1 1
114  15  77 0  9 1 1 1
115  62  77 0 20 1 1 1
116  49  73 0 25 1 1 1
117  67   5 0 25 1 1 1
118  56  39 0 36 1 1 1
119  37  47 0  6 1 1 1
120  37  56 0  5 1 1 1
121  57  68 0 15 1 1 1
122  47  16 0 25 1 1 1
123  44  17 0  9 1 1 1
124  46  13 0  8 1 1 1
125  49  11 0 18 1 1 1
126  49  42 0 13 1 1 1
127  53  43 0 14 1 1 1
128  61  52 0  3 1 1 1
129  57  48 0 23 1 1 1
130  56  37 0  6 1 1 1
131  55  54 0 26 1 1 1
132  15  47 0 16 1 1 1
133  14  37 0 11 1 1 1
134  11  31 0  7 1 1 1
135  16  22 0 41 1 1 1
136   4  18 0 35 1 1 1
137  28  18 0 26 1 1 1
138  26  52 0  9 1 1 1
139  26  35 0 15 1 1 1
140  31  67 0  3 1 1 1
141  15  19 0  1 1 1 1
142  22  22 0  2 1 1 1
143  18  24 0 22 1 1 1
144  26  27 0 27 1 1 1
145  25  24 0 20 1 1 1
146  22  27 0 11 1 1 1
147  25  21 0 12 1 1 1
148  19  21 0 10 1 1 1
149  20  26 0  9 1 1 1
150  18  18 0 17 1 1 1
